1 567052
2 600026
3 576443
4 579538
5 591474
6 591571
7 578274
8 602964
9 602606
10 641486
11 515189
12 531682
13 523068
14 560395
15 552962
16 556843
17 533367
18 573680
19 537061
20 578624
21 555441
22 545220
23 542460
24 547185
25 563756
26 553544
27 571989
28 542849
29 547413
30 580852
31 548725
32 556793
33 523770
34 564394
35 580683
36 529395
37 551818
38 568232
39 531730
40 597333
41 553068
42 537787
43 553893
44 526557
45 573918
46 573937
47 554873
48 516631
49 565031
50 608868
51 542061
52 534543
53 555914
54 558527
55 537363
56 562802
57 545883
58 579248
59 556946
60 501947
61 557442
62 580609
63 577727
64 556722
65 545762
66 537418
67 558194
68 544972
69 551331
70 586649
71 559034
72 544789
73 559198
74 583738
75 534218
76 548735
77 525342
78 545856
79 559509
80 560337
81 571854
82 585135
83 560030
84 486543
85 556125
86 585962
87 556359
88 547705
89 560669
90 566390
91 533416
92 554365
93 557749
94 587050
95 560031
96 516559
97 560799
98 553509
99 547513
100 555431
101 560982
102 556218
103 561221
104 555915
105 522896
106 588235
107 561485
108 514111
109 561737
110 582664
111 560736
112 523370
113 561515
114 560096
115 565575
116 559282
117 555706
118 589252
119 543772
120 514167
121 514906
122 589822
123 562090
124 560585
125 563465
126 522463
127 562104
128 556586
129 562916
130 591655
131 562380
132 482952
133 547327
134 590553
135 549254
136 566842
137 562567
138 565653
139 562786
140 532430
141 563851
142 591400
143 475215
144 514145
145 570750
146 591521
147 546607
148 563760
149 562652
150 558668
151 562668
152 570769
153 566512
154 508907
155 572095
156 490260
157 562886
158 591889
159 564948
160 560181
161 552955
162 558299
163 563134
164 565028
165 502057
166 592452
167 563076
168 499678
169 522674
170 602986
171 570243
172 565812
173 563176
174 570730
175 556567
176 505701
177 565925
178 593039
179 563420
180 499835
181 563445
182 516787
183 566452
184 576514
185 575209
186 572181
187 484013
188 566781
189 551212
190 607180
191 563764
192 516360
193 563783
194 593226
195 509621
196 535765
197 563821
198 520927
199 563847
200 574002
201 567155
202 593421
203 557896
204 499819
205 576419
206 593640
207 576063
208 513336
209 487706
210 521961
211 563691
212 567849
213 567962
214 593906
215 577290
216 529437
217 559141
218 594193
219 568105
220 525454
221 491565
222 575188
223 563835
224 523114
225 554909
226 593917
227 563885
228 503130
229 563899
230 613233
231 504248
232 581727
233 563910
234 528818
235 578283
236 568815
237 568396
238 526610
239 564144
240 489714
241 564135
242 544639
243 571468
244 569322
245 569532
246 576632
247 494701
248 583040
249 568929
250 608382
251 563960
252 484305
253 492381
254 594493
255 519673
256 556289
257 564020
258 577445
259 562064
260 533551
261 581137
262 594748
263 564014
264 496842
265 579340
266 530354
267 569495
268 570139
269 564122
270 553878
271 564152
272 523239
273 512135
274 594999
275 511625
276 508229
277 564163
278 595218
279 582640
280 548244
281 564221
282 578375
283 564194
284 570943
285 523197
286 502674
287 563379
288 513872
289 532620
290 618671
291 569645
292 571043
293 564321
294 532985
295 580442
296 586142
297 519218
298 595051
299 499704
300 486107
301 564252
302 595116
303 569765
304 526706
305 580955
306 539021
307 564358
308 492686
309 570000
310 620138
311 564530
312 504183
313 564527
314 595305
315 540425
316 571305
317 564551
318 579474
319 496379
320 559796
321 570258
322 535384
323 504206
324 513669
325 519242
326 595540
327 570486
328 587454
329 565108
330 527092
331 564561
332 571820
333 585705
334 595417
335 581478
336 473269
337 564178
338 552783
339 570293
340 543729
341 497971
342 542731
343 564227
344 588333
345 528526
346 595535
347 564207
348 512741
349 564195
350 558095
351 527163
352 505290
353 564204
354 580527
355 582310
356 572383
357 521850
358 595780
359 564189
360 511855
361 536122
362 595782
363 522965
364 500227
365 582454
366 581030
367 564386
368 532072
369 586977
370 623442
371 566120
372 513953
373 564412
374 511935
375 533484
376 589291
377 504143
378 508951
379 564400
380 547367
381 570833
382 596114
383 564419
384 515951
385 527079
386 596112
387 587769
388 572464
389 564427
390 535041
391 509365
392 555285
393 571065
394 596128
395 582725
396 480314
397 564439
398 596179
399 525201
400 536674
401 564514
402 581655
403 505210
404 572641
405 548664
406 540228
407 500383
408 513873
409 564513
410 624897
411 571275
412 572845
413 567093
414 547945
415 583288
416 512905
417 571506
418 515738
419 564538
420 454108
421 564502
422 595983
423 588744
424 590412
425 529306
426 582456
427 567619
428 573102
429 482516
430 625763
431 564488
432 498514
433 564524
434 541444
435 532933
436 573355
437 512702
438 582577
439 564491
440 541956
441 568296
442 519816
443 564506
444 516597
445 583897
446 596164
447 571241
448 522639
449 564615
450 543763
451 501284
452 573079
453 571309
454 596190
455 534905
456 517354
457 564613
458 596174
459 536871
460 552571
461 564615
462 487969
463 564613
464 536516
465 534158
466 596198
467 564598
468 487480
469 568251
470 626823
471 571473
472 591353
473 502087
474 582833
475 532779
476 509536
477 589857
478 596392
479 564581
480 489271
481 507802
482 596412
483 530290
484 525518
485 583980
486 557592
487 564599
488 591859
489 571716
490 580358
491 564611
492 517679
493 513583
494 523042
495 520512
496 537720
497 569024
498 583368
499 564583
500 554553
501 571567
502 596161
503 564340
504 497090
505 584149
506 520657
507 530604
508 573663
509 564350
510 545612
511 569038
512 555648
513 540727
514 596158
515 584330
516 518635
517 503078
518 544374
519 571627
520 550374
521 564309
522 552948
523 564318
524 573918
525 505864
526 596220
527 514971
528 468487
529 541013
530 627794
531 590675
532 513063
533 509051
534 583880
535 584573
536 592480
537 571859
538 596304
539 512424
540 487026
541 564309
542 596297
543 571897
544 522641
545 584818
546 495390
547 564317
548 574073
549 591206
550 552216
551 517195
552 522571
553 569326
554 596342
555 537068
556 574305
557 564310
558 554369
559 509771
560 516061
561 491253
562 596349
563 564306
564 519354
565 584551
566 596346
567 550333
568 593246
569 564278
570 549217
571 564301
572 484790
573 572151
574 545455
575 537874
576 513302
577 564413
578 563068
579 572164
580 557472
581 569779
582 583995
583 503657
584 593327
585 528248
586 596414
587 564430
588 481309
589 518219
590 628902
591 572180
592 540715
593 564397
594 506295
595 545003
596 574081
597 572216
598 528234
599 564397
600 497875
601 564368
602 546222
603 591844
604 574081
605 536049
606 584139
607 564390
608 526001
609 535072
610 629438
611 510361
612 496819
613 564389
614 596449
615 538046
616 510299
617 564388
618 584331
619 564374
620 558733
621 545933
622 596601
623 570302
624 475627
625 562198
626 596634
627 494977
628 574266
629 517474
630 508977
631 564341
632 593556
633 572006
634 596651
635 585008
636 520123
637 520011
638 524773
639 592601
640 559105
641 564312
642 584574
643 564357
644 518044
645 538746
646 532968
647 564294
648 528538
649 504414
650 560334
651 536282
652 574493
653 564330
654 584787
655 585289
656 541807
657 592754
658 547020
659 564284
660 455016
661 564316
662 596635
663 498703
664 594098
665 548537
666 557034
667 521934
668 574309
669 572114
670 630004
671 504794
672 472628
673 564331
674 596253
675 529466
676 533089
677 564331
678 584663
679 570409
680 560678
681 572098
682 526368
683 564307
684 500160
685 585453
686 552105
687 572087
688 542463
689 511086
690 554669
691 564293
692 574393
693 523730
694 596218
695 585632
696 527145
697 518424
698 596247
699 572106
700 511640
701 564267
702 514277
703 520818
704 504510
705 539503
706 596253
707 570552
708 520853
709 564258
710 630818
711 593060
712 594648
713 523068
714 504551
715 494656
716 574602
717 572297
718 596218
719 564207
720 486994
721 570693
722 566503
723 572302
724 574630
725 542424
726 536002
727 564235
728 517835
729 570233
730 630904
731 519180
732 521331
733 564209
734 596388
735 514674
736 531252
737 505373
738 558030
739 564196
740 561573
741 501927
742 547882
743 564183
744 528305
745 585404
746 596398
747 593548
748 493543
749 570936
750 557441
751 564193
752 543250
753 572067
754 532792
755 585432
756 470375
757 564174
758 596384
759 499536
760 564415
761 564164
762 585022
763 571136
764 574874
765 538500
766 596356
767 511833
768 515150
769 564123
770 531906
771 572063
772 574880
773 564121
774 558745
775 543631
776 594714
777 538702
778 596388
779 521791
780 461876
781 506025
782 538257
783 550303
784 515197
785 585559
786 585298
787 564123
788 574865
789 572062
790 631226
791 570840
792 493739
793 512284
794 596360
795 540380
796 574915
797 564092
798 508101
799 519843
800 535810
801 594059
802 596412
803 505958
804 521842
805 553599
806 533900
807 572173
808 594845
809 564162
810 552820
811 564200
812 522426
813 572167
814 528668
815 585816
816 484686
817 522381
818 596427
819 531582
820 562561
821 564156
822 585412
823 564152
824 595036
825 483938
826 548597
827 564163
828 504987
829 564135
830 631763
831 572189
832 512003
833 529461
834 585622
835 585692
836 497173
837 551549
838 596385
839 564100
840 464022
841 545135
842 596360
843 572179
844 574676
845 543781
846 559577
847 523438
848 544038
849 572177
850 570943
851 525565
852 522564
853 564068
854 549091
855 541714
856 595251
857 564091
858 494668
859 564065
860 563329
861 539809
862 596354
863 564082
864 497644
865 585744
866 596380
867 540065
868 523515
869 506096
870 559034
871 512667
872 595494
873 594085
874 541572
875 554890
876 522576
877 564021
878 596334
879 572242
880 507782
881 564013
882 516713
883 564012
884 500979
885 541106
886 596360
887 564007
888 530791
889 571183
890 632321
891 517877
892 574752
893 523108
894 585369
895 585897
896 521670
897 506678
898 596431
899 527261
900 483132
901 520448
902 529605
903 540485
904 595232
905 585932
906 585407
907 563951
908 574753
909 594227
910 539741
911 563942
912 487689
913 506539
914 596397
915 541578
916 574757
917 571433
918 523549
919 563899
920 569562
921 572242
922 596393
923 513315
924 440952
925 546177
926 596385
927 594399
928 535429
929 563901
930 560289
931 532730
932 574751
933 572353
934 596379
935 503174
936 500852
937 563871
938 549593
939 572369
940 564168
941 563877
942 585561
943 526483
944 544806
945 518289
946 530329
947 563854
948 522682
949 513397
950 574596
951 572359
952 527359
953 563849
954 560473
955 586156
956 574924
957 503340
958 596359
959 571530
960 488405
961 546072
962 536333
963 594596
964 574941
965 586155
966 512553
967 563812
968 545679
969 511089
970 632404
971 563795
972 512367
973 571729
974 596324
975 490736
976 545281
977 563773
978 585741
979 506935
980 525381
981 594813
982 596281
983 563761
984 531814
985 586143
986 542535
987 541189
988 503994
989 527229
990 512978
991 563738
992 536605
993 572327
994 550308
995 586128
996 523137
997 563755
998 596286
999 554231
1000 572252
1001 482471
1002 584845
1003 520709
1004 572965
1005 540291
1006 593584
1007 521705
1008 467037
1009 559694
1010 627629
1011 567416
1012 497452
1013 558009
1014 538279
1015 552260
1016 588898
1017 587490
1018 588379
1019 555608
1020 464187
1021 554839
1022 541685
1023 496264
1024 544831
1025 537625
1026 517136
1027 504207
1028 563139
1029 533015
1030 618894
1031 550849
1032 520343
1033 550053
1034 518272
1035 532976
1036 512414
1037 508391
1038 569717
1039 547688
1040 500811
1041 555290
1042 578315
1043 554274
1044 493231
1045 490875
1046 576692
1047 553052
1048 575742
1049 543724
1050 484469
1051 543052
1052 553582
1053 505689
1054 523115
1055 563146
1056 449264
1057 548824
1058 547791
1059 548222
1060 541788
1061 539145
1062 537382
1063 538324
1064 507236
1065 518100
1066 512852
1067 483558
1068 498477
1069 536054
1070 601611
1071 514979
1072 518611
1073 502751
1074 555536
1075 519340
1076 544387
1077 541243
1078 473931
1079 486123
1080 470834
1081 498231
1082 562013
1083 511933
1084 541229
1085 526320
1086 550895
1087 529291
1088 489843
1089 511683
1090 593391
1091 527710
1092 418926
1093 527006
1094 557180
1095 507233
1096 556579
1097 525499
1098 524048
1099 532764
1100 468232
1101 532299
1102 507979
1103 523223
1104 456865
1105 474243
1106 510926
1107 514503
1108 532186
1109 521034
1110 520355
1111 468946
1112 550344
1113 500448
1114 549476
1115 539863
1116 469755
1117 518160
1118 494806
1119 525577
1120 473248
1121 481914
1122 461838
1123 515936
1124 526114
1125 506231
1126 544889
1127 491393
1128 487010
1129 513760
1130 576867
1131 465515
1132 523330
1133 461838
1134 461177
1135 532277
1136 496083
1137 519015
1138 540273
1139 473467
1140 429074
1141 517415
1142 538761
1143 537594
1144 454757
1145 528567
1146 528395
1147 478179
1148 474656
1149 514626
1150 521529
1151 505891
1152 460028
1153 505143
1154 534291
1155 424296
1156 486140
1157 460492
1158 523805
1159 469436
1160 512882
1161 495791
1162 491319
1163 501639
1164 466273
1165 521267
1166 473182
1167 508203
1168 485346
1169 507408
1170 461935
1171 498869
1172 508902
1173 456688
1174 526967
1175 485003
1176 435862
1177 447969
1178 482438
1179 524521
1180 498910
1181 495369
1182 515283
1183 466567
1184 473431
1185 476737
1186 522693
1187 493308
1188 407477
1189 464615
1190 480581
1191 499789
1192 520726
1193 491201
1194 510879
1195 510631
1196 443372
1197 474604
1198 518266
1199 441266
1200 410621
1201 488539
1202 516785
1203 495603
1204 456992
1205 507053
1206 486786
1207 451975
1208 514902
1209 441831
1210 500659
1211 492861
1212 451367
1213 484434
1214 512458
1215 469955
1216 451050
1217 483103
1218 443396
1219 453423
1220 485515
1221 433944
1222 461055
1223 481047
1224 436107
1225 464176
1226 508327
1227 487545
1228 489532
1229 479055
1230 479945
1231 478443
1232 402226
1233 505298
1234 505427
1235 435932
1236 444057
1237 476483
1238 504001
1239 459340
1240 486401
1241 441650
1242 448604
1243 428081
1244 484212
1245 457591
1246 464023
1247 446801
1248 398684
1249 472515
1250 508575
1251 499174
1252 481649
1253 478832
1254 424397
1255 489939
1256 498277
1257 477526
1258 456026
1259 469200
1260 376417
1261 428670
1262 495743
1263 475480
1264 454514
1265 424570
1266 486398
1267 474315
1268 476332
1269 461039
1270 524128
1271 439890
1272 442004
1273 434287
1274 419561
1275 412813
1276 417206
1277 463467
1278 463402
1279 462806
1280 458606
1281 446488
1282 489033
1283 461474
1284 429580
1285 479904
1286 487685
1287 411423
1288 438272
1289 459616
1290 461168
1291 459021
1292 418910
1293 465726
1294 484910
1295 457367
1296 403876
1297 457156
1298 432847
1299 463916
1300 413910
1301 455830
1302 419414
1303 455217
1304 482136
1305 445627
1306 481046
1307 453964
1308 422720
1309 396374
1310 509916
1311 417832
1312 434722
1313 413774
1314 452489
1315 470117
1316 423963
1317 458223
1318 477014
1319 450219
1320 372504
1321 449651
1322 475695
1323 431104
1324 458369
1325 438405
1326 407362
1327 447805
1328 435195
1329 454395
1330 439385
1331 406366
1332 406718
1333 421949
1334 436238
1335 430460
1336 471887
1337 452186
1338 462933
1339 406500
1340 447650
1341 469560
1342 420176
1343 411936
1344 370864
1345 460676
1346 468034
1347 448936
1348 450981
1349 412443
1350 415791
1351 447911
1352 433416
1353 397357
1354 465470
1355 457494
1356 409194
1357 412991
1358 429908
1359 463788
1360 408804
1361 437556
1362 455550
1363 413223
1364 393459
1365 372885
1366 461731
1367 435771
1368 397803
1369 423689
1370 489535
1371 441616
1372 411780
1373 433947
1374 451676
1375 392507
1376 416432
1377 411631
1378 415112
1379 439315
1380 367234
1381 431614
1382 456630
1383 437988
1384 456608
1385 448172
1386 361579
1387 402131
1388 438743
1389 436230
1390 483117
1391 392289
1392 378078
1393 435154
1394 416312
1395 420006
1396 436503
1397 385319
1398 444374
1399 426309
1400 399200
1401 432632
1402 450461
1403 400337
1404 356687
1405 442113
1406 414749
1407 410207
1408 379260
1409 423389
1410 425529
1411 393510
1412 431644
1413 446998
1414 413955
1415 439125
1416 401253
1417 385595
1418 445468
1419 380224
1420 424395
1421 404902
1422 420751
1423 419360
1424 407888
1425 375186
1426 410697
1427 418215
1428 338689
1429 417654
1430 397273
1431 413572
1432 442068
1433 416465
1434 433775
1435 416630
1436 424650
1437 422157
1438 439494
1439 414789
1440 358252
1441 374101
1442 406213
1443 378335
1444 401188
1445 406285
1446 430259
1447 412557
1448 437204
1449 403006
1450 428385
1451 411398
1452 351603
1453 410823
1454 434660
1455 396867
1456 350547
1457 388329
1458 404430
1459 409168
1460 412972
1461 415265
1462 397947
1463 359161
1464 388445
1465 424530
1466 431199
1467 431055
1468 415666
1469 372142
1470 373264
1471 405852
1472 381893
1473 411840
1474 384510
1475 396349
1476 369748
1477 411149
1478 427626
1479 373581
1480 415087
1481 403041
1482 368886
1483 402493
1484 378868
1485 355036
1486 425364
1487 401403
1488 354860
1489 400826
1490 451417
1491 387668
1492 408936
1493 399738
1494 400631
1495 368375
1496 363964
1497 405206
1498 391142
1499 398110
1500 342832
1501 372319
1502 420679
1503 420632
1504 382349
1505 397685
1506 413159
1507 357614
1508 361222
1509 401967
1510 445388
1511 394871
1512 338764
1513 367323
1514 417204
1515 381272
1516 402289
1517 373585
1518 357493
1519 379415
1520 369000
1521 385776
1522 415030
1523 391597
1524 365180
1525 383291
1526 383886
1527 397092
1528 414252
1529 352432
1530 368153
1531 389497
1532 397841
1533 376845
1534 374027
1535 404634
1536 354912
1537 367867
1538 410444
1539 370975
1540 332052
1541 364858
1542 403167
1543 386313
1544 409642
1545 373535
1546 408272
1547 342043
1548 352256
1549 384741
1550 400964
1551 348157
1552 374124
1553 383648
1554 354969
1555 399331
1556 391420
1557 405437
1558 374762
1559 382065
1560 321068
1561 388296
1562 362366
1563 387364
1564 351269
1565 396604
1566 362885
1567 380025
1568 347292
1569 385851
1570 427638
1571 378955
1572 353638
1573 317767
1574 400417
1575 351581
1576 400927
1577 353681
1578 393255
1579 376879
1580 380870
1581 349070
1582 369491
1583 375856
1584 310972
1585 391178
1586 361166
1587 365248
1588 382949
1589 380854
1590 377519
1591 355504
1592 396495
1593 371021
1594 395010
1595 341950
1596 304212
1597 372300
1598 363366
1599 340959
1600 353522
1601 371239
1602 372623
1603 377253
1604 378774
1605 358745
1606 351768
1607 369720
1608 352689
1609 369204
1610 366507
1611 390884
1612 337168
1613 368194
1614 383820
1615 342620
1616 358276
1617 322802
1618 388722
1619 366676
1620 316820
1621 366187
1622 387663
1623 371773
1624 351629
1625 335940
1626 380666
1627 364677
1628 330270
1629 386067
1630 410531
1631 370069
1632 312772
1633 342851
1634 355981
1635 351468
1636 370669
1637 362169
1638 308967
1639 326957
1640 373039
1641 367234
1642 382367
1643 342740
1644 336559
1645 362083
1646 381340
1647 357770
1648 350636
1649 334802
1650 323446
1651 328812
1652 338387
1653 333759
1654 379205
1655 372798
1656 330049
1657 357226
1658 378129
1659 346132
1660 360900
1661 322029
1662 371436
1663 355730
1664 323219
1665 351184
1666 327163
1667 354781
1668 331214
1669 354261
1670 399431
1671 359694
1672 325016
1673 359652
1674 337627
1675 346386
1676 360546
1677 323578
1678 373022
1679 332293
1680 277027
1681 343085
1682 359531
1683 319892
1684 358525
1685 365194
1686 365322
1687 356228
1688 371418
1689 355302
1690 365976
1691 327300
1692 319961
1693 348434
1694 313759
1695 337372
1696 336142
1697 347488
1698 362251
1699 346994
1700 320908
1701 338310
1702 341817
1703 317371
1704 330489
1705 317769
1706 365883
1707 350871
1708 325910
1709 344613
1710 327497
1711 327026
1712 335489
1713 349428
1714 363818
1715 346209
1716 270887
1717 319658
1718 362815
1719 363074
1720 353620
1721 341750
1722 317232
1723 341278
1724 348710
1725 308206
1726 360876
1727 307683
1728 300469
1729 303757
1730 383171
1731 345249
1732 346901
1733 338893
1734 333695
1735 352841
1736 326255
1737 358583
1738 321575
1739 321647
1740 289810
1741 337050
1742 324757
1743 326708
1744 328344
1745 350412
1746 337753
1747 335657
1748 311552
1749 304561
1750 331534
1751 312331
1752 319945
1753 334243
1754 353808
1755 299456
1756 341175
1757 339462
1758 347632
1759 332853
1760 300141
1761 338132
1762 351965
1763 316547
1764 282094
1765 345586
1766 350951
1767 309042
1768 306682
1769 314228
1770 334178
1771 293306
1772 337348
1773 349663
1774 348988
1775 323455
1776 292816
1777 328713
1778 323134
1779 333949
1780 332556
1781 300632
1782 294448
1783 327309
1784 347517
1785 284919
1786 321300
1787 326426
1788 304959
1789 325944
1790 367707
1791 345286
1792 301391
1793 294021
1794 300427
1795 338417
1796 331856
1797 329757
1798 320969
1799 329633
1800 285375
1801 323255
1802 316283
1803 328369
1804 293284
1805 319247
1806 299689
1807 295427
1808 314030
1809 320282
1810 362670
1811 320973
1812 299983
1813 311516
1814 339340
1815 284643
1816 339973
1817 302220
1818 321338
1819 297809
1820 278064
1821 324278
1822 337490
1823 318250
1824 275656
1825 312495
1826 302497
1827 313749
1828 324550
1829 301806
1830 320682
1831 316503
1832 336108
1833 290713
1834 310808
1835 329196
1836 270251
1837 285142
1838 333647
1839 320212
1840 298797
1841 320090
1842 327870
1843 294559
1844 320831
1845 310754
1846 302293
1847 312939
1848 251791
1849 305451
1850 327665
1851 317464
1852 319101
1853 290921
1854 313449
1855 313743
1856 295887
1857 316202
1858 329054
1859 260524
1860 266953
1861 309858
1862 287372
1863 299363
1864 328614
1865 322310
1866 322553
1867 308552
1868 315463
1869 299467
1870 299311
1871 307669
1872 258744
1873 307228
1874 325290
1875 290276
1876 290284
1877 306387
1878 319721
1879 305933
1880 316720
1881 280725
1882 323520
1883 310777
1884 285182
1885 283818
1886 301293
1887 283799
1888 294560
1889 303745
1890 269147
1891 289013
1892 275958
1893 308183
1894 320726
1895 315524
1896 289500
1897 307720
1898 291544
1899 320292
1900 281059
1901 301202
1902 314459
1903 272090
1904 262102
1905 291581
1906 318076
1907 299921
1908 275820
1909 283378
1910 338089
1911 267050
1912 317834
1913 298625
1914 274311
1915 311115
1916 304959
1917 297002
1918 292949
1919 279280
1920 258224
1921 277290
1922 304550
1923 301644
1924 272737
1925 265228
1926 297923
1927 282598
1928 314180
1929 300437
1930 333357
1931 294809
1932 242983
1933 294387
1934 311697
1935 291902
1936 263168
1937 269544
1938 273964
1939 298613
1940 297243
1941 297800
1942 310000
1943 278300
1944 274191
1945 304499
1946 287340
1947 265483
1948 298063
1949 291037
1950 266260
1951 290625
1952 281552
1953 287589
1954 307308
1955 272723
1956 271060
1957 271910
1958 275721
1959 293985
1960 278534
1961 275760
1962 290547
1963 264529
1964 294590
1965 279484
1966 304692
1967 292665
1968 256348
1969 259677
1970 323914
1971 285907
1972 266807
1973 286004
1974 266513
1975 281216
1976 266598
1977 290212
1978 282444
1979 284776
1980 229373
1981 289752
1982 301183
1983 288957
1984 270652
1985 295834
1986 296069
1987 283149
1988 268259
1989 262063
1990 319309
1991 255552
1992 270457
1993 281922
1994 298517
1995 247284
1996 287983
1997 281120
1998 270354
1999 280707
2000 267134
2001 263789
2002 233046
2003 279982
2004 261753
2005 291632
2006 274114
2007 296476
2008 296750
2009 271613
2010 282515
2011 278387
2012 284655
2013 253174
2014 273753
2015 259085
2016 231972
2017 277171
2018 293484
2019 281599
2020 280805
2021 264233
2022 288490
2023 265477
2024 255884
2025 259065
2026 291867
2027 275128
2028 238937
2029 274715
2030 275451
2031 279139
2032 267923
2033 257236
2034 275666
2035 252872
2036 279724
2037 265619
2038 289285
2039 272721
2040 234055
2041 249927
2042 288417
2043 288780
2044 257551
2045 283256
2046 249966
2047 256668
2048 266966
2049 275479
2050 284699
2051 275457
2052 233189
2053 269927
2054 260726
2055 261814
2056 286574
2057 230342
2058 254238
2059 256008
2060 272719
2061 284981
2062 284222
2063 267927
2064 239321
2065 270347
2066 283407
2067 246482
2068 243605
2069 266749
2070 256395
2071 250336
2072 258256
2073 270668
2074 260920
2075 261487
2076 248389
2077 252900
2078 280832
2079 235182
2080 242706
2081 264425
2082 276113
2083 264026
2084 269989
2085 256114
2086 259583
2087 263250
2088 245287
2089 262862
2090 257060
2091 245508
2092 268446
2093 236553
2094 273611
2095 273042
2096 255727
2097 277545
2098 276774
2099 260875
2100 204323
2101 235808
2102 275930
2103 264673
2104 276523
2105 270955
2106 237029
2107 253010
2108 242014
2109 243179
2110 292706
2111 258580
2112 215022
2113 258169
2114 254133
2115 256530
2116 252770
2117 245375
2118 268779
2119 236012
2120 266920
2121 249833
2122 271888
2123 231946
2124 236232
2125 240096
2126 271066
2127 260008
2128 224415
2129 255129
2130 258782
2131 254757
2132 235065
2133 254036
2134 242505
2135 256782
2136 243568
2137 253617
2138 268604
2139 238823
2140 257120
2141 252825
2142 220299
2143 252468
2144 244909
2145 207005
2146 251087
2147 236569
2148 235498
2149 256059
2150 264558
2151 266710
2152 266901
2153 250549
2154 261642
2155 261022
2156 215799
2157 254210
2158 241401
2159 232975
2160 210435
2161 249071
2162 247032
2163 242094
2164 254370
2165 259086
2166 246440
2167 224374
2168 263651
2169 263065
2170 248856
2171 227017
2172 231339
2173 236416
2174 261377
2175 225218
2176 228466
2177 250847
2178 227357
2179 245671
2180 249523
2181 249643
2182 259853
2183 234387
2184 200154
2185 231803
2186 259045
2187 247040
2188 249799
2189 220626
2190 247636
2191 248232
2192 237929
2193 227626
2194 257453
2195 253231
2196 223887
2197 223805
2198 238671
2199 246274
2200 224045
2201 230605
2202 252460
2203 241211
2204 226135
2205 228236
2206 255178
2207 240487
2208 210365
2209 235098
2210 236827
2211 218830
2212 227412
2213 239362
2214 230866
2215 249396
2216 254198
2217 242886
2218 252763
2219 242936
2220 206504
2221 237926
2222 226971
2223 221652
2224 232314
2225 233830
2226 221708
2227 221392
2228 242213
2229 240612
2230 267297
2231 223601
2232 220667
2233 211568
2234 249657
2235 228887
2236 217489
2237 234994
2238 245515
2239 234609
2240 215151
2241 234140
2242 231364
2243 233883
2244 188423
2245 243777
2246 247390
2247 227140
2248 248023
2249 213756
2250 225062
2251 232464
2252 237760
2253 236176
2254 217363
2255 214837
2256 207553
2257 221563
2258 245040
2259 245636
2260 234766
2261 210252
2262 215381
2263 219937
2264 244883
2265 223578
2266 219501
2267 229554
2268 191848
2269 229216
2270 259113
2271 232917
2272 222331
2273 228470
2274 238744
2275 207632
2276 233392
2277 211202
2278 223891
2279 218060
2280 196641
2281 227062
2282 223703
2283 230733
2284 231897
2285 236264
2286 228224
2287 226011
2288 186755
2289 219895
2290 255136
2291 214985
2292 211019
2293 224923
2294 224487
2295 205572
2296 218455
2297 224238
2298 234289
2299 193054
2300 210606
2301 206690
2302 236785
2303 218134
2304 203392
2305 232590
2306 236040
2307 226441
2308 227727
2309 222079
2310 187158
2311 221771
2312 222658
2313 235395
2314 214226
2315 230742
2316 207072
2317 225031
2318 218083
2319 224244
2320 211462
2321 199248
2322 212514
2323 208174
2324 208465
2325 200942
2326 232347
2327 201181
2328 210080
2329 204297
2330 247073
2331 217535
2332 199564
2333 217867
2334 227740
2335 227097
2336 211514
2337 204607
2338 214064
2339 216831
2340 177600
2341 216494
2342 229339
2343 197566
2344 229955
2345 218634
2346 203470
2347 215479
2348 220544
2349 210238
2350 227068
2351 214750
2352 178673
2353 196993
2354 204666
2355 208217
2356 201141
2357 213730
2358 215535
2359 217580
2360 222191
2361 216844
2362 225711
2363 198924
2364 199213
2365 197164
2366 194359
2367 225479
2368 203239
2369 200723
2370 215283
2371 211326
2372 216309
2373 205615
2374 223503
2375 199010
2376 179851
2377 210319
2378 209995
2379 194338
2380 186631
2381 209630
2382 219084
2383 209270
2384 204769
2385 208566
2386 221357
2387 187588
2388 195366
2389 208256
2390 235606
2391 211602
2392 196094
2393 207551
2394 182132
2395 216368
2396 212154
2397 194244
2398 197653
2399 206543
2400 173883
2401 206083
2402 218469
2403 206035
2404 210757
2405 193047
2406 214950
2407 195947
2408 199934
2409 187240
2410 231809
2411 204526
2412 189023
2413 192080
2414 200831
2415 180848
2416 199577
2417 203533
2418 190356
2419 195034
2420 189364
2421 215779
2422 199866
2423 202486
2424 194509
2425 199478
2426 214191
2427 205558
2428 206644
2429 205470
2430 198162
2431 158860
2432 187871
2433 204544
2434 212751
2435 209297
2436 167042
2437 200188
2438 199102
2439 212559
2440 208305
2441 199490
2442 184803
2443 203124
2444 184340
2445 193543
2446 210688
2447 198503
2448 170422
2449 189476
2450 194381
2451 186493
2452 202555
2453 178911
2454 206488
2455 205830
2456 209805
2457 177644
2458 208555
2459 196512
2460 170794
2461 186044
2462 207835
2463 199439
2464 164986
2465 185873
2466 197227
2467 195204
2468 199812
2469 198492
2470 193662
2471 198413
2472 186990
2473 194209
2474 205726
2475 173793
2476 198545
2477 193558
2478 181386
2479 185310
2480 185815
2481 196441
2482 189937
2483 177011
2484 167762
2485 194975
2486 183653
2487 195491
2488 204385
2489 180379
2490 195013
2491 183818
2492 181815
2493 203113
2494 190898
2495 198984
2496 161115
2497 172358
2498 201572
2499 173059
2500 187088
2501 182133
2502 191499
2503 189290
2504 201555
2505 184017
2506 186400
2507 179053
2508 153147
2509 173137
2510 213128
2511 184064
2512 184063
2513 191387
2514 196276
2515 195708
2516 175863
2517 190528
2518 198168
2519 169097
2520 154026
2521 186393
2522 180578
2523 183155
2524 190489
2525 183410
2526 194243
2527 179692
2528 180506
2529 196957
2530 183032
2531 184779
2532 173350
2533 172608
2534 181874
2535 166494
2536 196155
2537 176634
2538 177958
2539 183494
2540 186746
2541 163892
2542 183369
2543 182849
2544 164271
2545 190698
2546 180749
2547 193870
2548 159704
2549 181913
2550 169993
2551 181599
2552 170135
2553 171928
2554 192047
2555 183671
2556 167525
2557 180658
2558 191349
2559 183695
2560 179273
2561 165443
2562 168843
2563 162766
2564 183927
2565 165466
2566 190048
2567 167527
2568 172114
2569 182440
2570 202311
2571 181744
2572 182710
2573 170402
2574 151984
2575 175669
2576 157749
2577 180814
2578 188032
2579 177154
2580 154092
2581 169071
2582 187350
2583 176569
2584 168019
2585 163962
2586 184315
2587 161702
2588 180088
2589 178844
2590 177654
2591 175289
2592 155089
2593 174954
2594 185338
2595 170053
2596 160123
2597 170965
2598 182285
2599 165156
2600 163680
2601 174542
2602 184084
2603 163205
2604 144717
2605 180791
2606 183393
2607 158111
2608 169268
2609 172441
2610 167576
2611 175736
2612 176267
2613 159265
2614 182065
2615 179167
2616 165067
2617 171216
2618 145186
2619 171225
2620 174145
2621 170585
2622 162223
2623 163676
2624 163734
2625 152957
2626 164853
2627 162901
2628 157103
2629 153517
2630 191648
2631 172197
2632 165025
2633 168734
2634 176447
2635 160428
2636 172472
2637 178971
2638 178124
2639 153022
2640 132753
2641 157854
2642 177490
2643 170308
2644 171204
2645 167076
2646 149567
2647 166613
2648 177406
2649 169393
2650 176182
2651 150442
2652 135886
2653 169105
2654 175510
2655 165549
2656 161146
2657 165067
2658 172630
2659 164755
2660 147728
2661 167544
2662 158614
2663 164139
2664 154458
2665 154369
2666 164179
2667 159639
2668 154935
2669 152739
2670 166336
2671 162944
2672 159642
2673 149671
2674 160510
2675 160413
2676 152299
2677 162044
2678 156998
2679 152790
2680 168895
2681 164795
2682 163186
2683 161117
2684 147719
2685 156732
2686 158512
2687 160506
2688 134924
2689 160220
2690 181456
2691 150778
2692 163810
2693 159588
2694 167013
2695 146360
2696 169745
2697 151464
2698 157485
2699 158692
2700 133187
2701 152196
2702 156329
2703 148836
2704 143858
2705 164815
2706 146616
2707 157509
2708 161326
2709 157441
2710 178081
2711 156903
2712 150953
2713 156586
2714 156110
2715 152308
2716 148693
2717 124098
2718 157658
2719 155697
2720 145633
2721 158324
2722 164798
2723 158302
2724 145497
2725 153112
2726 155100
2727 154942
2728 145111
2729 154175
2730 132177
2731 153920
2732 157660
2733 156475
2734 162870
2735 160117
2736 132660
2737 140905
2738 157940
2739 139895
2740 155663
2741 152423
2742 159569
2743 139973
2744 150063
2745 152193
2746 161028
2747 145785
2748 142162
2749 151242
2750 148366
2751 147439
2752 145354
2753 150655
2754 140257
2755 144004
2756 139666
2757 152909
2758 148133
2759 143469
2760 130992
2761 135592
2762 158499
2763 158773
2764 152819
2765 151367
2766 155885
2767 148624
2768 145596
2769 137659
2770 168035
2771 138598
2772 115725
2773 142278
2774 146398
2775 135931
2776 157119
2777 147144
2778 153957
2779 149899
2780 149722
2781 147037
2782 142105
2783 127203
2784 129399
2785 152487
2786 144103
2787 148461
2788 137222
2789 145404
2790 141532
2791 145107
2792 154586
2793 132935
2794 138502
2795 136359
2796 135583
2797 144249
2798 152930
2799 153374
2800 127100
2801 143665
2802 150378
2803 143367
2804 146829
2805 119833
2806 142753
2807 145816
2808 123886
2809 139941
2810 161397
2811 144903
2812 134451
2813 135713
2814 133336
2815 147970
2816 126932
2817 150595
2818 149890
2819 141046
2820 123115
2821 128560
2822 138768
2823 143107
2824 149679
2825 138648
2826 141806
2827 126873
2828 133256
2829 132944
2830 158166
2831 131379
2832 125574
2833 139030
2834 134878
2835 128149
2836 142221
2837 138484
2838 128903
2839 129414
2840 144476
2841 140489
2842 130463
2843 137603
2844 127557
2845 143466
2846 145642
2847 127294
2848 133694
2849 123687
2850 128950
2851 136487
2852 129563
2853 145124
2854 144421
2855 141948
2856 113575
2857 135638
2858 143798
2859 137899
2860 116580
2861 135053
2862 131197
2863 137618
2864 132144
2865 131272
2866 142665
2867 129308
2868 126037
2869 126246
2870 135959
2871 125255
2872 142410
2873 115894
2874 139609
2875 126980
2876 136352
2877 129752
2878 140850
2879 132521
2880 115028
2881 127324
2882 126513
2883 130207
2884 125732
2885 137695
2886 124034
2887 131420
2888 133026
2889 131555
2890 140331
2891 128674
2892 122919
2893 118390
2894 138426
2895 127091
2896 127799
2897 130002
2898 115191
2899 119415
2900 123385
2901 131896
2902 137277
2903 129144
2904 114011
2905 131051
2906 136684
2907 122590
2908 131782
2909 128325
2910 130866
2911 123316
2912 109701
2913 130180
2914 128231
2915 118905
2916 116277
2917 127223
2918 134875
2919 124128
2920 132907
2921 120336
2922 132591
2923 121568
2924 119104
2925 114824
2926 107841
2927 125846
2928 113445
2929 120203
2930 142235
2931 127633
2932 128352
2933 127655
2934 126496
2935 130437
2936 133052
2937 114205
2938 120712
2939 124158
2940 99649
2941 116004
2942 131400
2943 124128
2944 116615
2945 118267
2946 129127
2947 125675
2948 113108
2949 125130
2950 130397
2951 112743
2952 115660
2953 122225
2954 120808
2955 119032
2956 125005
2957 121706
2958 115950
2959 110155
2960 117498
2961 121659
2962 128522
2963 120858
2964 99666
2965 126133
2966 127928
2967 114674
2968 117920
2969 120044
2970 107577
2971 119777
2972 122706
2973 121777
2974 126729
2975 110731
2976 105782
2977 109472
2978 126157
2979 126465
2980 121171
2981 107407
2982 111498
2983 111398
2984 125990
2985 114944
2986 125040
2987 112671
2988 109141
2989 115445
2990 117932
2991 119295
2992 98778
2993 112568
2994 122235
2995 121866
2996 111052
2997 114630
2998 123291
2999 115977
3000 102958
3001 115715
3002 114907
3003 95325
3004 118294
3005 120465
3006 116576
3007 110104
3008 110881
3009 108126
3010 116493
3011 114376
3012 107467
3013 108522
3014 109102
3015 114291
3016 108431
3017 115982
3018 118972
3019 113302
3020 115660
3021 107133
3022 119895
3023 112744
3024 91859
3025 102050
3026 111053
3027 114459
3028 114996
3029 103004
3030 114335
3031 114086
3032 119141
3033 118781
3034 112182
3035 116249
3036 91126
3037 110903
3038 105111
3039 112820
3040 104376
3041 110369
3042 103759
3043 103179
3044 112748
3045 98481
3046 116511
3047 99370
3048 105565
3049 109302
3050 116084
3051 109520
3052 103992
3053 104846
3054 113934
3055 102550
3056 106524
3057 110377
3058 103695
3059 100150
3060 90346
3061 107724
3062 114234
3063 109571
3064 114608
3065 112098
3066 100956
3067 106935
3068 99550
3069 100248
3070 120868
3071 102418
3072 97570
3073 108377
3074 106626
3075 97861
3076 108509
3077 98955
3078 99064
3079 105328
3080 93562
3081 97672
3082 105047
3083 104799
3084 98441
3085 109327
3086 110897
3087 105465
3088 102394
3089 104021
3090 106379
3091 94115
3092 106308
3093 105525
3094 89114
3095 107977
3096 97564
3097 97196
3098 109213
3099 104773
3100 98013
3101 104617
3102 95542
3103 97875
3104 99724
3105 95041
3106 108159
3107 93671
3108 85493
3109 101403
3110 115033
3111 95456
3112 107903
3113 91476
3114 102042
3115 102532
3116 95539
3117 102387
3118 106469
3119 100073
3120 80528
3121 99824
3122 98699
3123 106188
3124 91725
3125 99144
3126 104101
3127 95747
3128 95275
3129 96728
3130 112118
3131 94520
3132 86925
3133 90550
3134 104228
3135 82883
3136 89878
3137 97791
3138 102410
3139 94102
3140 99557
3141 103699
3142 103164
3143 99157
3144 93620
3145 92743
3146 86139
3147 98437
3148 98896
3149 92866
3150 84233
3151 91265
3152 94194
3153 97623
3154 95045
3155 99848
3156 89691
3157 86414
3158 100972
3159 88838
3160 99563
3161 90841
3162 90443
3163 94442
3164 90089
3165 92083
3166 99925
3167 93948
3168 77977
3169 93685
3170 106271
3171 91473
3172 87131
3173 87962
3174 93521
3175 92078
3176 99126
3177 98817
3178 91626
3179 79124
3180 80929
3181 92173
3182 92857
3183 93713
3184 90176
3185 85525
3186 89252
3187 91419
3188 93624
3189 92989
3190 91057
3191 90887
3192 76476
3193 87015
3194 96094
3195 90822
3196 85473
3197 85838
3198 85157
3199 91877
3200 85758
3201 82244
3202 95078
3203 89363
3204 83092
3205 93222
3206 88094
3207 90670
3208 94864
3209 88615
3210 90517
3211 77365
3212 81281
3213 81116
3214 93455
3215 91916
3216 79374
3217 87624
3218 92916
3219 83722
3220 79103
3221 87120
3222 88240
3223 78835
3224 82797
3225 80192
3226 91888
3227 88293
3228 81173
3229 86111
3230 87280
3231 91553
3232 83936
3233 82771
3234 73777
3235 89285
3236 87578
3237 79146
3238 90268
3239 81895
3240 75590
3241 86492
3242 89756
3243 80540
3244 86555
3245 78725
3246 88128
3247 78675
3248 75238
3249 84794
3250 83446
3251 83359
3252 78406
3253 83093
3254 88129
3255 74418
3256 78346
3257 82612
3258 83674
3259 82358
3260 84177
3261 83763
3262 81147
3263 75482
3264 70583
3265 85376
3266 81642
3267 74967
3268 77188
3269 82897
3270 83070
3271 80871
3272 86308
3273 82233
3274 85518
3275 79724
3276 63907
3277 76841
3278 76829
3279 81505
3280 77632
3281 74692
3282 83462
3283 78263
3284 81447
3285 79681
3286 79707
3287 74462
3288 76102
3289 63079
3290 80098
3291 79996
3292 80477
3293 75359
3294 76122
3295 81514
3296 76243
3297 76070
3298 76775
3299 77432
3300 60982
3301 77190
3302 75013
3303 82169
3304 75521
3305 80238
3306 73801
3307 76473
3308 78444
3309 77752
3310 86448
3311 69048
3312 66506
3313 75727
3314 80293
3315 64364
3316 77493
3317 72192
3318 70959
3319 75011
3320 78647
3321 73899
3322 71665
3323 74494
3324 70035
3325 69496
3326 78790
3327 75527
3328 67457
3329 73781
3330 72280
3331 73547
3332 65656
3333 67413
3334 77732
3335 70656
3336 70608
3337 70384
3338 77201
3339 73123
3340 74274
3341 66697
3342 75808
3343 72093
3344 61359
3345 70218
3346 71150
3347 71626
3348 63181
3349 66922
3350 76004
3351 72563
3352 75910
3353 72470
3354 67142
3355 66184
3356 72503
3357 75233
3358 70510
3359 70160
3360 55614
3361 69948
3362 72352
3363 66215
3364 69089
3365 72690
3366 60561
3367 63672
3368 73845
3369 70376
3370 78297
3371 68729
3372 64609
3373 68478
3374 67777
3375 64435
3376 67157
3377 61698
3378 71232
3379 65148
3380 64322
3381 62638
3382 67227
3383 63094
3384 63615
3385 70196
3386 71134
3387 68177
3388 58432
3389 66585
3390 68141
3391 66345
3392 64230
3393 62949
3394 70099
3395 67192
3396 61928
3397 63431
3398 69607
3399 60153
3400 62852
3401 61597
3402 58985
3403 62726
3404 61919
3405 63237
3406 62922
3407 64443
3408 58262
3409 65614
3410 64162
3411 68329
3412 65658
3413 63716
3414 66766
3415 66473
3416 62383
3417 59895
3418 67106
3419 58099
3420 53229
3421 57100
3422 63297
3423 61296
3424 61180
3425 61824
3426 65274
3427 59186
3428 63696
3429 62213
3430 63797
3431 59625
3432 50143
3433 61359
3434 60669
3435 59729
3436 62763
3437 62231
3438 61752
3439 57325
3440 58947
3441 58069
3442 64120
3443 54714
3444 50681
3445 56841
3446 63602
3447 63817
3448 63713
3449 59457
3450 56633
3451 55230
3452 60808
3453 60206
3454 56616
3455 61521
3456 52177
3457 58540
3458 50831
3459 59533
3460 59655
3461 58077
3462 61019
3463 57834
3464 61685
3465 50539
3466 61154
3467 57389
3468 50945
3469 57148
3470 64832
3471 53064
3472 51148
3473 54023
3474 57502
3475 56159
3476 52013
3477 53517
3478 56812
3479 55313
3480 49456
3481 54935
3482 59145
3483 54966
3484 51782
3485 53145
3486 52204
3487 50093
3488 53973
3489 55964
3490 62213
3491 54609
3492 50766
3493 55584
3494 57652
3495 52948
3496 52603
3497 49791
3498 50372
3499 53685
3500 48963
3501 57160
3502 52911
3503 51131
3504 48231
3505 55489
3506 56202
3507 51769
3508 54171
3509 46170
3510 47901
3511 52318
3512 55792
3513 53138
3514 51601
3515 50125
3516 48780
3517 51638
3518 54716
3519 49480
3520 46629
3521 52415
3522 53765
3523 47027
3524 52244
3525 47093
3526 51221
3527 50483
3528 44309
3529 50264
3530 56936
3531 46056
3532 51338
3533 49790
3534 47865
3535 50670
3536 42528
3537 49770
3538 49768
3539 49113
3540 43141
3541 48891
3542 42056
3543 49652
3544 51874
3545 50717
3546 49077
3547 48214
3548 49438
3549 43675
3550 51196
3551 46315
3552 42596
3553 38598
3554 50365
3555 47787
3556 45179
3557 47086
3558 49396
3559 46852
3560 49291
3561 47566
3562 45295
3563 47499
3564 38536
3565 44800
3566 48965
3567 44243
3568 45212
3569 44212
3570 40045
3571 45504
3572 43240
3573 48348
3574 47987
3575 37638
3576 43546
3577 44386
3578 47520
3579 45506
3580 45688
3581 44364
3582 44989
3583 44125
3584 40990
3585 43070
3586 42176
3587 41107
3588 36362
3589 41917
3590 49230
3591 40142
3592 46220
3593 43009
3594 45160
3595 44806
3596 41043
3597 39270
3598 42191
3599 41097
3600 35627
3601 38877
3602 44668
3603 42758
3604 39690
3605 42629
3606 43758
3607 41452
3608 39180
3609 44134
3610 44424
3611 39085
3612 34545
3613 40768
3614 39720
3615 39753
3616 39752
3617 40318
3618 39338
3619 36454
3620 41066
3621 37846
3622 42323
3623 39629
3624 38292
3625 38126
3626 37569
3627 37442
3628 40254
3629 36962
3630 36668
3631 38749
3632 38104
3633 37734
3634 38701
3635 40112
3636 35725
3637 38079
3638 37683
3639 38663
3640 34122
3641 34224
3642 39560
3643 37408
3644 38382
3645 36318
3646 39477
3647 37855
3648 32205
3649 35648
3650 39307
3651 37315
3652 33743
3653 33499
3654 32379
3655 34753
3656 38595
3657 34499
3658 36238
3659 35648
3660 31307
3661 36307
3662 37590
3663 33282
3664 34645
3665 36672
3666 33175
3667 33020
3668 33336
3669 35312
3670 39336
3671 34351
3672 30349
3673 34125
3674 32753
3675 30288
3676 34845
3677 33706
3678 35366
3679 30903
3680 31833
3681 35609
3682 32932
3683 31780
3684 31019
3685 30892
3686 32708
3687 33299
3688 34844
3689 30141
3690 31887
3691 32185
3692 30078
3693 32636
3694 33862
3695 33243
3696 24324
3697 31535
3698 32582
3699 31554
3700 30010
3701 31090
3702 32670
3703 30269
3704 32956
3705 26415
3706 30424
3707 27725
3708 28354
3709 30214
3710 30849
3711 30648
3712 28675
3713 28910
3714 31261
3715 30980
3716 30328
3717 29790
3718 26106
3719 29139
3720 25702
3721 28531
3722 30641
3723 27259
3724 25850
3725 28454
3726 26925
3727 28285
3728 27756
3729 25905
3730 31862
3731 25761
3732 26295
3733 27629
3734 29239
3735 27745
3736 29307
3737 26334
3738 25755
3739 26990
3740 23593
3741 25796
3742 28353
3743 25194
3744 22431
3745 26975
3746 27904
3747 26696
3748 26799
3749 24808
3750 25871
3751 22627
3752 25302
3753 25812
3754 26976
3755 26455
3756 23864
3757 21826
3758 26507
3759 24407
3760 24217
3761 24631
3762 21658
3763 23778
3764 25002
3765 23813
3766 24046
3767 23992
3768 23113
3769 23774
3770 24044
3771 25246
3772 22604
3773 21296
3774 22303
3775 23118
3776 22498
3777 23408
3778 24282
3779 22694
3780 18009
3781 21376
3782 22693
3783 20795
3784 21099
3785 23091
3786 23159
3787 22381
3788 22391
3789 23186
3790 24584
3791 20223
3792 19496
3793 21204
3794 21040
3795 17867
3796 19668
3797 20794
3798 21157
3799 19928
3800 19882
3801 20012
3802 21606
3803 20148
3804 18985
3805 20883
3806 19087
3807 19601
3808 17186
3809 18098
3810 19974
3811 18778
3812 19778
3813 18438
3814 20225
3815 19428
3816 17899
3817 17048
3818 18706
3819 17711
3820 19037
3821 18240
3822 15979
3823 18036
3824 17801
3825 16661
3826 18917
3827 17153
3828 14546
3829 17794
3830 19695
3831 17578
3832 18349
3833 16964
3834 16589
3835 16041
3836 16020
3837 16966
3838 16579
3839 14919
3840 14301
3841 15504
3842 15960
3843 16190
3844 15796
3845 16471
3846 16539
3847 15500
3848 14872
3849 15636
3850 13651
3851 15074
3852 14057
3853 14855
3854 15011
3855 14485
3856 14536
3857 13664
3858 15180
3859 13435
3860 14680
3861 11852
3862 14894
3863 13811
3864 11671
3865 14300
3866 14440
3867 13738
3868 13776
3869 12985
3870 12923
3871 13023
3872 11667
3873 13107
3874 12546
3875 12288
3876 10595
3877 12389
3878 12307
3879 13118
3880 12831
3881 11976
3882 12619
3883 10761
3884 12032
3885 10525
3886 11751
3887 10137
3888 10099
3889 11148
3890 12598
3891 11202
3892 10531
3893 10150
3894 10060
3895 10333
3896 11219
3897 11116
3898 10911
3899 10372
3900 8101
3901 9718
3902 10476
3903 9937
3904 9485
3905 9047
3906 8452
3907 9319
3908 9511
3909 9319
3910 9329
3911 8893
3912 8615
3913 8098
3914 8719
3915 8106
3916 7942
3917 8285
3918 8677
3919 8071
3920 7336
3921 8061
3922 7996
3923 7661
3924 7170
3925 7559
3926 7288
3927 6113
3928 7718
3929 7055
3930 7254
3931 6859
3932 6988
3933 6604
3934 6566
3935 6752
3936 5787
3937 6058
3938 5985
3939 5756
3940 6244
3941 6001
3942 5772
3943 5632
3944 5407
3945 5413
3946 5717
3947 5224
3948 4370
3949 4638
3950 5413
3951 5201
3952 4209
3953 4605
3954 4816
3955 4574
3956 4216
3957 4328
3958 4397
3959 3954
3960 3306
3961 3630
3962 3749
3963 3705
3964 3638
3965 3357
3966 3538
3967 3207
3968 3033
3969 2972
3970 3314
3971 2591
3972 2623
3973 2588
3974 2648
3975 2388
3976 2362
3977 2201
3978 1828
3979 1989
3980 1998
3981 1838
3982 1712
3983 1629
3984 1442
3985 1466
3986 1405
3987 1341
3988 1170
3989 970
3990 951
3991 792
3992 736
3993 584
3994 534
3995 392
3996 327
3997 194
3998 112
3999 0
4000 0
